cam0:
  cam_overlaps: [1, 2, 3]
  camera_model: pinhole
  distortion_coeffs: [-0.13025722916826526, -0.17902092525914023, 3.3644779887889236,
    -38.8607144082506]
  distortion_model: equidistant
  intrinsics: [1158.6741096923433, 1158.4547718797899, 326.73885520681097, 265.49602757896065]
  resolution: [640, 480]
  rostopic: /cam1/image_raw
cam1:
  T_cn_cnm1:
  - [0.9737903756726324, 0.014071850161043346, -0.22701164569332505, 0.15626347402379065]
  - [-0.007033628651822308, 0.9994700438282181, 0.03178300737817358, 0.003948142454564812]
  - [0.22733858518811728, -0.02935327107935189, 0.9733732856215032, -0.027581130338341572]
  - [0.0, 0.0, 0.0, 1.0]
  cam_overlaps: [0, 2, 3]
  camera_model: pinhole
  distortion_coeffs: [-0.13623498081900393, 0.7584117999711286, -13.419758098109055,
    56.61975420257029]
  distortion_model: equidistant
  intrinsics: [1157.5377258505985, 1157.2277925306785, 284.43172221257237, 179.61400948047566]
  resolution: [640, 480]
  rostopic: /cam2/image_raw
cam2:
  T_cn_cnm1:
  - [0.9891483609024739, 0.02191700519025592, -0.1452761680642897, 0.24051561643987138]
  - [-0.02138699411092801, 0.9997577005769036, 0.005209282108488085, 0.00029723706636346713]
  - [0.14535513959558696, -0.0020457323082404173, 0.9893774296862016, 0.02440928237204592]
  - [0.0, 0.0, 0.0, 1.0]
  cam_overlaps: [0, 1, 3]
  camera_model: pinhole
  distortion_coeffs: [-0.1269525787127524, 0.1350868595277897, -4.1850556461838595,
    16.563420000196963]
  distortion_model: equidistant
  intrinsics: [1156.2520347450218, 1156.3403517482493, 311.1737408342142, 234.75994327764383]
  resolution: [640, 480]
  rostopic: /cam3/image_raw
cam3:
  T_cn_cnm1:
  - [0.9983639833016167, -0.006669758814663843, 0.05678794910435931, -0.12073963591287665]
  - [0.010873235020899636, 0.9971962453472206, -0.07403661949050626, -0.11581211426142442]
  - [-0.056134923232381555, 0.07453296306169467, 0.995637337493394, -0.011939714113469599]
  - [0.0, 0.0, 0.0, 1.0]
  cam_overlaps: [0, 1, 2]
  camera_model: pinhole
  distortion_coeffs: [-0.1390996223321747, -0.12642842748249558, -0.42594594410611264,
    11.25983027685219]
  distortion_model: equidistant
  intrinsics: [1157.86733103186, 1157.1403490887342, 344.96296488979016, 225.47651742575815]
  resolution: [640, 480]
  rostopic: /cam4/image_raw
